 6: 240  35 248 229 168   1
 8: 193 174 127  72 123 177 220   9
18:  34 109 125 238 157  88 213  85  36  57 122 223 142  84 108  27 192  11
 8: 208  67 216 154  71  93  33   2
22:  23  75 219  17 175 112 205  77  52  73 114 145  45  98 151  89  69 247 110  70 170  10
25: 163 200  49 146  56 250 212 230 203 243 222 107 187 241  28  60 214 173 178 169 221  87  66 149  12
41: 121  37  31 188 231 172  91 131  40 118 242  24 218 135 161  97 111 190  90  94  81 239 176 201  21 116 137 189 209 162 117 215 153 133  76  79 210 191  74  32   8
27:  86 160  80  58 103  38  65  51 183 186 251  48 207 124 132  44  50 233  29  22 130 120 164 128 101  95  14
 7:  39 185  25 195 167 182   0
21:  59 252 136 225 198 147 254 139 217 184  19 105  47 100  18  55 253 119 226 181   4
22: 224  26 140 143 180 204 249  96 235  41 227 144 165 104  61 129 115  63 171 126 179  15
21: 206 196  53 148 150 134 113 211  42 228 159 156 236  78  20 245 234  64 166 246   3
 3: 152 197   7
11: 244  43 194  62 232 155  54  83  46 141  13
 2:  82  16
 7: 102  30 237 138  68 158   5
 7: 255  92 199 106 202  99   6
ave: 11.542969
worst: 41
